controller,grid,scenario,seed,time,intersection,queue_length,waiting_time,vehicle_count
ppo,2x2,dynamic,14,5,B1,0,0.0,2
ppo,2x2,dynamic,14,5,B2,0,0.0,0
ppo,2x2,dynamic,14,5,C1,0,0.0,1
ppo,2x2,dynamic,14,5,C2,0,0.0,0
ppo,2x2,dynamic,14,10,B1,0,0.0,2
ppo,2x2,dynamic,14,10,B2,0,0.0,0
ppo,2x2,dynamic,14,10,C1,0,0.0,2
ppo,2x2,dynamic,14,10,C2,0,0.0,0
ppo,2x2,dynamic,14,15,B1,0,0.0,2
ppo,2x2,dynamic,14,15,B2,0,0.0,0
ppo,2x2,dynamic,14,15,C1,0,0.0,2
ppo,2x2,dynamic,14,15,C2,0,0.0,0
ppo,2x2,dynamic,14,20,B1,1,3.0,2
ppo,2x2,dynamic,14,20,B2,0,0.0,0
ppo,2x2,dynamic,14,20,C1,0,0.0,2
ppo,2x2,dynamic,14,20,C2,0,0.0,0
ppo,2x2,dynamic,14,25,B1,1,8.0,3
ppo,2x2,dynamic,14,25,B2,0,0.0,0
ppo,2x2,dynamic,14,25,C1,1,5.0,1
ppo,2x2,dynamic,14,25,C2,0,0.0,0
ppo,2x2,dynamic,14,30,B1,1,1.0,2
ppo,2x2,dynamic,14,30,B2,0,0.0,0
ppo,2x2,dynamic,14,30,C1,0,0.0,1
ppo,2x2,dynamic,14,30,C2,0,0.0,1
ppo,2x2,dynamic,14,35,B1,1,6.0,2
ppo,2x2,dynamic,14,35,B2,0,0.0,0
ppo,2x2,dynamic,14,35,C1,0,0.0,2
ppo,2x2,dynamic,14,35,C2,0,0.0,2
ppo,2x2,dynamic,14,40,B1,1,11.0,4
ppo,2x2,dynamic,14,40,B2,0,0.0,0
ppo,2x2,dynamic,14,40,C1,0,0.0,3
ppo,2x2,dynamic,14,40,C2,0,0.0,2
ppo,2x2,dynamic,14,45,B1,0,0.0,5
ppo,2x2,dynamic,14,45,B2,0,0.0,0
ppo,2x2,dynamic,14,45,C1,0,0.0,4
ppo,2x2,dynamic,14,45,C2,0,0.0,2
ppo,2x2,dynamic,14,50,B1,0,0.0,5
ppo,2x2,dynamic,14,50,B2,0,0.0,0
ppo,2x2,dynamic,14,50,C1,0,0.0,6
ppo,2x2,dynamic,14,50,C2,2,5.0,3
ppo,2x2,dynamic,14,55,B1,0,0.0,7
ppo,2x2,dynamic,14,55,B2,0,0.0,3
ppo,2x2,dynamic,14,55,C1,1,5.0,6
ppo,2x2,dynamic,14,55,C2,2,15.0,4
ppo,2x2,dynamic,14,60,B1,0,0.0,7
ppo,2x2,dynamic,14,60,B2,0,0.0,3
ppo,2x2,dynamic,14,60,C1,0,0.0,5
ppo,2x2,dynamic,14,60,C2,0,0.0,3
ppo,2x2,dynamic,14,65,B1,1,3.0,6
ppo,2x2,dynamic,14,65,B2,0,0.0,5
ppo,2x2,dynamic,14,65,C1,0,0.0,5
ppo,2x2,dynamic,14,65,C2,0,0.0,5
ppo,2x2,dynamic,14,70,B1,2,11.0,6
ppo,2x2,dynamic,14,70,B2,1,2.0,6
ppo,2x2,dynamic,14,70,C1,1,5.0,6
ppo,2x2,dynamic,14,70,C2,1,1.0,7
ppo,2x2,dynamic,14,75,B1,0,0.0,5
ppo,2x2,dynamic,14,75,B2,0,0.0,5
ppo,2x2,dynamic,14,75,C1,0,0.0,4
ppo,2x2,dynamic,14,75,C2,0,0.0,7
ppo,2x2,dynamic,14,80,B1,1,3.0,6
ppo,2x2,dynamic,14,80,B2,1,1.0,6
ppo,2x2,dynamic,14,80,C1,1,1.0,6
ppo,2x2,dynamic,14,80,C2,1,2.0,6
ppo,2x2,dynamic,14,85,B1,1,8.0,6
ppo,2x2,dynamic,14,85,B2,2,8.0,5
ppo,2x2,dynamic,14,85,C1,2,7.0,7
ppo,2x2,dynamic,14,85,C2,4,14.0,6
ppo,2x2,dynamic,14,90,B1,1,1.0,5
ppo,2x2,dynamic,14,90,B2,0,0.0,5
ppo,2x2,dynamic,14,90,C1,0,0.0,6
ppo,2x2,dynamic,14,90,C2,2,13.0,5
ppo,2x2,dynamic,14,95,B1,1,6.0,6
ppo,2x2,dynamic,14,95,B2,0,0.0,6
ppo,2x2,dynamic,14,95,C1,0,0.0,5
ppo,2x2,dynamic,14,95,C2,0,0.0,6
ppo,2x2,dynamic,14,100,B1,2,15.0,5
ppo,2x2,dynamic,14,100,B2,0,0.0,4
ppo,2x2,dynamic,14,100,C1,3,8.0,7
ppo,2x2,dynamic,14,100,C2,0,0.0,6
ppo,2x2,dynamic,14,105,B1,0,0.0,4
ppo,2x2,dynamic,14,105,B2,0,0.0,4
ppo,2x2,dynamic,14,105,C1,0,0.0,7
ppo,2x2,dynamic,14,105,C2,0,0.0,8
ppo,2x2,dynamic,14,110,B1,1,1.0,7
ppo,2x2,dynamic,14,110,B2,0,0.0,7
ppo,2x2,dynamic,14,110,C1,0,0.0,6
ppo,2x2,dynamic,14,110,C2,0,0.0,9
ppo,2x2,dynamic,14,115,B1,2,10.0,8
ppo,2x2,dynamic,14,115,B2,0,0.0,6
ppo,2x2,dynamic,14,115,C1,1,1.0,6
ppo,2x2,dynamic,14,115,C2,3,11.0,10
ppo,2x2,dynamic,14,120,B1,0,0.0,7
ppo,2x2,dynamic,14,120,B2,0,0.0,6
ppo,2x2,dynamic,14,120,C1,1,3.0,6
ppo,2x2,dynamic,14,120,C2,0,0.0,8
ppo,2x2,dynamic,14,125,B1,1,2.0,5
ppo,2x2,dynamic,14,125,B2,0,0.0,6
ppo,2x2,dynamic,14,125,C1,2,11.0,8
ppo,2x2,dynamic,14,125,C2,2,4.0,10
ppo,2x2,dynamic,14,130,B1,2,9.0,6
ppo,2x2,dynamic,14,130,B2,3,13.0,8
ppo,2x2,dynamic,14,130,C1,3,23.0,10
ppo,2x2,dynamic,14,130,C2,2,9.0,10
ppo,2x2,dynamic,14,135,B1,0,0.0,4
ppo,2x2,dynamic,14,135,B2,0,0.0,8
ppo,2x2,dynamic,14,135,C1,0,0.0,8
ppo,2x2,dynamic,14,135,C2,2,3.0,10
ppo,2x2,dynamic,14,140,B1,1,4.0,4
ppo,2x2,dynamic,14,140,B2,2,5.0,7
ppo,2x2,dynamic,14,140,C1,0,0.0,8
ppo,2x2,dynamic,14,140,C2,4,17.0,11
ppo,2x2,dynamic,14,145,B1,2,11.0,7
ppo,2x2,dynamic,14,145,B2,2,15.0,6
ppo,2x2,dynamic,14,145,C1,2,7.0,7
ppo,2x2,dynamic,14,145,C2,5,41.0,10
ppo,2x2,dynamic,14,150,B1,0,0.0,5
ppo,2x2,dynamic,14,150,B2,1,3.0,4
ppo,2x2,dynamic,14,150,C1,0,0.0,8
ppo,2x2,dynamic,14,150,C2,2,13.0,8
ppo,2x2,dynamic,14,155,B1,0,0.0,5
ppo,2x2,dynamic,14,155,B2,0,0.0,6
ppo,2x2,dynamic,14,155,C1,1,1.0,9
ppo,2x2,dynamic,14,155,C2,2,10.0,8
ppo,2x2,dynamic,14,160,B1,0,0.0,4
ppo,2x2,dynamic,14,160,B2,1,2.0,7
ppo,2x2,dynamic,14,160,C1,4,15.0,9
ppo,2x2,dynamic,14,160,C2,3,22.0,7
ppo,2x2,dynamic,14,165,B1,0,0.0,3
ppo,2x2,dynamic,14,165,B2,0,0.0,6
ppo,2x2,dynamic,14,165,C1,4,15.0,10
ppo,2x2,dynamic,14,165,C2,0,0.0,4
ppo,2x2,dynamic,14,170,B1,0,0.0,3
ppo,2x2,dynamic,14,170,B2,0,0.0,7
ppo,2x2,dynamic,14,170,C1,2,9.0,11
ppo,2x2,dynamic,14,170,C2,0,0.0,2
ppo,2x2,dynamic,14,175,B1,1,1.0,4
ppo,2x2,dynamic,14,175,B2,3,7.0,9
ppo,2x2,dynamic,14,175,C1,6,33.0,12
ppo,2x2,dynamic,14,175,C2,0,0.0,1
ppo,2x2,dynamic,14,180,B1,0,0.0,3
ppo,2x2,dynamic,14,180,B2,2,10.0,9
ppo,2x2,dynamic,14,180,C1,2,7.0,11
ppo,2x2,dynamic,14,180,C2,0,0.0,3
ppo,2x2,dynamic,14,185,B1,1,2.0,3
ppo,2x2,dynamic,14,185,B2,0,0.0,8
ppo,2x2,dynamic,14,185,C1,5,17.0,12
ppo,2x2,dynamic,14,185,C2,0,0.0,3
ppo,2x2,dynamic,14,190,B1,1,7.0,4
ppo,2x2,dynamic,14,190,B2,1,1.0,8
ppo,2x2,dynamic,14,190,C1,6,41.0,11
ppo,2x2,dynamic,14,190,C2,0,0.0,4
ppo,2x2,dynamic,14,195,B1,0,0.0,4
ppo,2x2,dynamic,14,195,B2,1,5.0,7
ppo,2x2,dynamic,14,195,C1,6,42.0,9
ppo,2x2,dynamic,14,195,C2,0,0.0,4
ppo,2x2,dynamic,14,200,B1,0,0.0,5
ppo,2x2,dynamic,14,200,B2,2,14.0,7
ppo,2x2,dynamic,14,200,C1,3,18.0,8
ppo,2x2,dynamic,14,200,C2,1,3.0,7
ppo,2x2,dynamic,14,205,B1,1,2.0,5
ppo,2x2,dynamic,14,205,B2,3,27.0,8
ppo,2x2,dynamic,14,205,C1,3,33.0,7
ppo,2x2,dynamic,14,205,C2,1,8.0,8
ppo,2x2,dynamic,14,210,B1,1,3.0,6
ppo,2x2,dynamic,14,210,B2,1,8.0,7
ppo,2x2,dynamic,14,210,C1,2,19.0,7
ppo,2x2,dynamic,14,210,C2,0,0.0,7
ppo,2x2,dynamic,14,215,B1,1,8.0,7
ppo,2x2,dynamic,14,215,B2,0,0.0,5
ppo,2x2,dynamic,14,215,C1,3,17.0,8
ppo,2x2,dynamic,14,215,C2,1,2.0,7
ppo,2x2,dynamic,14,220,B1,2,16.0,8
ppo,2x2,dynamic,14,220,B2,0,0.0,4
ppo,2x2,dynamic,14,220,C1,3,32.0,10
ppo,2x2,dynamic,14,220,C2,2,12.0,7
ppo,2x2,dynamic,14,225,B1,0,0.0,8
ppo,2x2,dynamic,14,225,B2,0,0.0,4
ppo,2x2,dynamic,14,225,C1,0,0.0,9
ppo,2x2,dynamic,14,225,C2,1,1.0,8
ppo,2x2,dynamic,14,230,B1,1,5.0,7
ppo,2x2,dynamic,14,230,B2,0,0.0,6
ppo,2x2,dynamic,14,230,C1,1,1.0,10
ppo,2x2,dynamic,14,230,C2,1,6.0,10
ppo,2x2,dynamic,14,235,B1,3,14.0,9
ppo,2x2,dynamic,14,235,B2,0,0.0,8
ppo,2x2,dynamic,14,235,C1,1,2.0,8
ppo,2x2,dynamic,14,235,C2,3,17.0,12
ppo,2x2,dynamic,14,240,B1,2,3.0,9
ppo,2x2,dynamic,14,240,B2,0,0.0,8
ppo,2x2,dynamic,14,240,C1,1,2.0,7
ppo,2x2,dynamic,14,240,C2,3,11.0,11
ppo,2x2,dynamic,14,245,B1,1,6.0,7
ppo,2x2,dynamic,14,245,B2,2,10.0,8
ppo,2x2,dynamic,14,245,C1,4,16.0,8
ppo,2x2,dynamic,14,245,C2,0,0.0,9
ppo,2x2,dynamic,14,250,B1,1,11.0,5
ppo,2x2,dynamic,14,250,B2,2,20.0,10
ppo,2x2,dynamic,14,250,C1,6,42.0,9
ppo,2x2,dynamic,14,250,C2,1,5.0,8
ppo,2x2,dynamic,14,255,B1,0,0.0,3
ppo,2x2,dynamic,14,255,B2,1,1.0,9
ppo,2x2,dynamic,14,255,C1,3,35.0,9
ppo,2x2,dynamic,14,255,C2,3,5.0,8
ppo,2x2,dynamic,14,260,B1,1,2.0,6
ppo,2x2,dynamic,14,260,B2,1,3.0,6
ppo,2x2,dynamic,14,260,C1,0,0.0,6
ppo,2x2,dynamic,14,260,C2,5,24.0,8
ppo,2x2,dynamic,14,265,B1,2,11.0,7
ppo,2x2,dynamic,14,265,B2,3,11.0,5
ppo,2x2,dynamic,14,265,C1,0,0.0,7
ppo,2x2,dynamic,14,265,C2,6,54.0,12
ppo,2x2,dynamic,14,270,B1,0,0.0,5
ppo,2x2,dynamic,14,270,B2,2,9.0,5
ppo,2x2,dynamic,14,270,C1,1,2.0,7
ppo,2x2,dynamic,14,270,C2,3,34.0,10
ppo,2x2,dynamic,14,275,B1,1,1.0,4
ppo,2x2,dynamic,14,275,B2,0,0.0,6
ppo,2x2,dynamic,14,275,C1,3,13.0,6
ppo,2x2,dynamic,14,275,C2,1,5.0,11
ppo,2x2,dynamic,14,280,B1,3,12.0,5
ppo,2x2,dynamic,14,280,B2,0,0.0,5
ppo,2x2,dynamic,14,280,C1,3,28.0,6
ppo,2x2,dynamic,14,280,C2,2,13.0,11
ppo,2x2,dynamic,14,285,B1,0,0.0,3
ppo,2x2,dynamic,14,285,B2,0,0.0,6
ppo,2x2,dynamic,14,285,C1,0,0.0,5
ppo,2x2,dynamic,14,285,C2,2,6.0,11
ppo,2x2,dynamic,14,290,B1,0,0.0,3
ppo,2x2,dynamic,14,290,B2,1,2.0,7
ppo,2x2,dynamic,14,290,C1,1,4.0,6
ppo,2x2,dynamic,14,290,C2,3,14.0,10
ppo,2x2,dynamic,14,295,B1,1,3.0,6
ppo,2x2,dynamic,14,295,B2,3,11.0,10
ppo,2x2,dynamic,14,295,C1,1,9.0,7
ppo,2x2,dynamic,14,295,C2,5,36.0,10
ppo,2x2,dynamic,14,300,B1,0,0.0,7
ppo,2x2,dynamic,14,300,B2,1,6.0,10
ppo,2x2,dynamic,14,300,C1,0,0.0,5
ppo,2x2,dynamic,14,300,C2,3,31.0,8
ppo,2x2,dynamic,14,305,B1,1,3.0,8
ppo,2x2,dynamic,14,305,B2,1,1.0,11
ppo,2x2,dynamic,14,305,C1,2,2.0,8
ppo,2x2,dynamic,14,305,C2,0,0.0,10
ppo,2x2,dynamic,14,310,B1,2,9.0,7
ppo,2x2,dynamic,14,310,B2,3,11.0,12
ppo,2x2,dynamic,14,310,C1,2,12.0,7
ppo,2x2,dynamic,14,310,C2,2,6.0,10
ppo,2x2,dynamic,14,315,B1,0,0.0,8
ppo,2x2,dynamic,14,315,B2,2,12.0,9
ppo,2x2,dynamic,14,315,C1,0,0.0,7
ppo,2x2,dynamic,14,315,C2,1,1.0,7
ppo,2x2,dynamic,14,320,B1,1,3.0,7
ppo,2x2,dynamic,14,320,B2,0,0.0,7
ppo,2x2,dynamic,14,320,C1,1,1.0,8
ppo,2x2,dynamic,14,320,C2,4,14.0,11
ppo,2x2,dynamic,14,325,B1,3,17.0,8
ppo,2x2,dynamic,14,325,B2,2,6.0,10
ppo,2x2,dynamic,14,325,C1,2,9.0,8
ppo,2x2,dynamic,14,325,C2,6,38.0,11
ppo,2x2,dynamic,14,330,B1,1,2.0,8
ppo,2x2,dynamic,14,330,B2,1,1.0,9
ppo,2x2,dynamic,14,330,C1,1,2.0,7
ppo,2x2,dynamic,14,330,C2,2,20.0,9
ppo,2x2,dynamic,14,335,B1,3,13.0,8
ppo,2x2,dynamic,14,335,B2,1,6.0,10
ppo,2x2,dynamic,14,335,C1,2,9.0,6
ppo,2x2,dynamic,14,335,C2,2,5.0,9
ppo,2x2,dynamic,14,340,B1,4,33.0,8
ppo,2x2,dynamic,14,340,B2,2,14.0,9
ppo,2x2,dynamic,14,340,C1,3,22.0,6
ppo,2x2,dynamic,14,340,C2,3,18.0,8
ppo,2x2,dynamic,14,345,B1,0,0.0,8
ppo,2x2,dynamic,14,345,B2,0,0.0,8
ppo,2x2,dynamic,14,345,C1,1,8.0,5
ppo,2x2,dynamic,14,345,C2,1,1.0,8
ppo,2x2,dynamic,14,350,B1,1,3.0,8
ppo,2x2,dynamic,14,350,B2,3,9.0,9
ppo,2x2,dynamic,14,350,C1,1,4.0,4
ppo,2x2,dynamic,14,350,C2,2,9.0,10
ppo,2x2,dynamic,14,355,B1,2,11.0,9
ppo,2x2,dynamic,14,355,B2,5,30.0,9
ppo,2x2,dynamic,14,355,C1,2,13.0,7
ppo,2x2,dynamic,14,355,C2,3,24.0,12
ppo,2x2,dynamic,14,360,B1,1,2.0,7
ppo,2x2,dynamic,14,360,B2,4,29.0,8
ppo,2x2,dynamic,14,360,C1,0,0.0,8
ppo,2x2,dynamic,14,360,C2,2,14.0,12
ppo,2x2,dynamic,14,365,B1,1,3.0,4
ppo,2x2,dynamic,14,365,B2,2,7.0,9
ppo,2x2,dynamic,14,365,C1,1,4.0,8
ppo,2x2,dynamic,14,365,C2,1,1.0,11
ppo,2x2,dynamic,14,370,B1,1,8.0,2
ppo,2x2,dynamic,14,370,B2,2,17.0,8
ppo,2x2,dynamic,14,370,C1,2,14.0,13
ppo,2x2,dynamic,14,370,C2,4,16.0,11
ppo,2x2,dynamic,14,375,B1,1,2.0,2
ppo,2x2,dynamic,14,375,B2,1,2.0,10
ppo,2x2,dynamic,14,375,C1,2,8.0,13
ppo,2x2,dynamic,14,375,C2,3,6.0,10
ppo,2x2,dynamic,14,380,B1,1,7.0,5
ppo,2x2,dynamic,14,380,B2,3,13.0,12
ppo,2x2,dynamic,14,380,C1,0,0.0,11
ppo,2x2,dynamic,14,380,C2,4,18.0,9
ppo,2x2,dynamic,14,385,B1,1,12.0,7
ppo,2x2,dynamic,14,385,B2,6,37.0,11
ppo,2x2,dynamic,14,385,C1,1,2.0,8
ppo,2x2,dynamic,14,385,C2,5,43.0,9
ppo,2x2,dynamic,14,390,B1,0,0.0,7
ppo,2x2,dynamic,14,390,B2,5,36.0,9
ppo,2x2,dynamic,14,390,C1,2,2.0,8
ppo,2x2,dynamic,14,390,C2,4,37.0,10
ppo,2x2,dynamic,14,395,B1,1,1.0,6
ppo,2x2,dynamic,14,395,B2,3,7.0,8
ppo,2x2,dynamic,14,395,C1,4,14.0,7
ppo,2x2,dynamic,14,395,C2,1,2.0,10
ppo,2x2,dynamic,14,400,B1,2,11.0,8
ppo,2x2,dynamic,14,400,B2,1,6.0,7
ppo,2x2,dynamic,14,400,C1,5,39.0,10
ppo,2x2,dynamic,14,400,C2,0,0.0,10
ppo,2x2,dynamic,14,405,B1,0,0.0,8
ppo,2x2,dynamic,14,405,B2,1,2.0,6
ppo,2x2,dynamic,14,405,C1,3,24.0,9
ppo,2x2,dynamic,14,405,C2,3,8.0,11
ppo,2x2,dynamic,14,410,B1,3,7.0,8
ppo,2x2,dynamic,14,410,B2,4,17.0,8
ppo,2x2,dynamic,14,410,C1,1,6.0,7
ppo,2x2,dynamic,14,410,C2,6,29.0,14
ppo,2x2,dynamic,14,415,B1,4,23.0,8
ppo,2x2,dynamic,14,415,B2,5,41.0,9
ppo,2x2,dynamic,14,415,C1,1,11.0,6
ppo,2x2,dynamic,14,415,C2,8,63.0,15
ppo,2x2,dynamic,14,420,B1,2,4.0,8
ppo,2x2,dynamic,14,420,B2,3,34.0,10
ppo,2x2,dynamic,14,420,C1,1,2.0,4
ppo,2x2,dynamic,14,420,C2,10,74.0,16
ppo,2x2,dynamic,14,425,B1,4,19.0,6
ppo,2x2,dynamic,14,425,B2,1,1.0,11
ppo,2x2,dynamic,14,425,C1,1,7.0,4
ppo,2x2,dynamic,14,425,C2,6,44.0,14
ppo,2x2,dynamic,14,430,B1,4,39.0,8
ppo,2x2,dynamic,14,430,B2,2,10.0,11
ppo,2x2,dynamic,14,430,C1,2,16.0,6
ppo,2x2,dynamic,14,430,C2,5,33.0,14
ppo,2x2,dynamic,14,435,B1,3,29.0,7
ppo,2x2,dynamic,14,435,B2,3,9.0,11
ppo,2x2,dynamic,14,435,C1,0,0.0,5
ppo,2x2,dynamic,14,435,C2,3,5.0,12
ppo,2x2,dynamic,14,440,B1,0,0.0,8
ppo,2x2,dynamic,14,440,B2,5,33.0,10
ppo,2x2,dynamic,14,440,C1,0,0.0,6
ppo,2x2,dynamic,14,440,C2,6,27.0,14
ppo,2x2,dynamic,14,445,B1,0,0.0,6
ppo,2x2,dynamic,14,445,B2,8,69.0,12
ppo,2x2,dynamic,14,445,C1,1,2.0,7
ppo,2x2,dynamic,14,445,C2,8,62.0,15
ppo,2x2,dynamic,14,450,B1,0,0.0,7
ppo,2x2,dynamic,14,450,B2,5,56.0,10
ppo,2x2,dynamic,14,450,C1,1,1.0,8
ppo,2x2,dynamic,14,450,C2,8,64.0,15
ppo,2x2,dynamic,14,455,B1,1,1.0,5
ppo,2x2,dynamic,14,455,B2,1,1.0,10
ppo,2x2,dynamic,14,455,C1,3,8.0,10
ppo,2x2,dynamic,14,455,C2,5,34.0,18
ppo,2x2,dynamic,14,460,B1,2,10.0,6
ppo,2x2,dynamic,14,460,B2,1,6.0,8
ppo,2x2,dynamic,14,460,C1,4,24.0,10
ppo,2x2,dynamic,14,460,C2,3,22.0,19
ppo,2x2,dynamic,14,465,B1,0,0.0,5
ppo,2x2,dynamic,14,465,B2,1,2.0,7
ppo,2x2,dynamic,14,465,C1,3,21.0,10
ppo,2x2,dynamic,14,465,C2,2,12.0,18
ppo,2x2,dynamic,14,470,B1,1,3.0,6
ppo,2x2,dynamic,14,470,B2,3,15.0,9
ppo,2x2,dynamic,14,470,C1,1,2.0,8
ppo,2x2,dynamic,14,470,C2,4,16.0,20
ppo,2x2,dynamic,14,475,B1,2,13.0,6
ppo,2x2,dynamic,14,475,B2,4,34.0,10
ppo,2x2,dynamic,14,475,C1,0,0.0,5
ppo,2x2,dynamic,14,475,C2,8,46.0,21
ppo,2x2,dynamic,14,480,B1,1,4.0,7
ppo,2x2,dynamic,14,480,B2,2,10.0,11
ppo,2x2,dynamic,14,480,C1,1,1.0,4
ppo,2x2,dynamic,14,480,C2,10,61.0,22
ppo,2x2,dynamic,14,485,B1,0,0.0,7
ppo,2x2,dynamic,14,485,B2,2,7.0,10
ppo,2x2,dynamic,14,485,C1,3,11.0,5
ppo,2x2,dynamic,14,485,C2,7,42.0,22
ppo,2x2,dynamic,14,490,B1,1,5.0,7
ppo,2x2,dynamic,14,490,B2,4,20.0,9
ppo,2x2,dynamic,14,490,C1,3,26.0,6
ppo,2x2,dynamic,14,490,C2,8,42.0,22
ppo,2x2,dynamic,14,495,B1,0,0.0,7
ppo,2x2,dynamic,14,495,B2,2,9.0,9
ppo,2x2,dynamic,14,495,C1,1,12.0,6
ppo,2x2,dynamic,14,495,C2,5,20.0,19
ppo,2x2,dynamic,14,500,B1,1,4.0,8
ppo,2x2,dynamic,14,500,B2,1,2.0,8
ppo,2x2,dynamic,14,500,C1,0,0.0,5
ppo,2x2,dynamic,14,500,C2,3,10.0,17
ppo,2x2,dynamic,14,505,B1,2,13.0,9
ppo,2x2,dynamic,14,505,B2,1,7.0,7
ppo,2x2,dynamic,14,505,C1,0,0.0,7
ppo,2x2,dynamic,14,505,C2,6,31.0,19
ppo,2x2,dynamic,14,510,B1,2,4.0,9
ppo,2x2,dynamic,14,510,B2,0,0.0,6
ppo,2x2,dynamic,14,510,C1,0,0.0,8
ppo,2x2,dynamic,14,510,C2,8,41.0,18
ppo,2x2,dynamic,14,515,B1,1,3.0,8
ppo,2x2,dynamic,14,515,B2,3,12.0,9
ppo,2x2,dynamic,14,515,C1,0,0.0,7
ppo,2x2,dynamic,14,515,C2,6,27.0,18
ppo,2x2,dynamic,14,520,B1,4,19.0,8
ppo,2x2,dynamic,14,520,B2,5,35.0,11
ppo,2x2,dynamic,14,520,C1,3,11.0,5
ppo,2x2,dynamic,14,520,C2,6,29.0,21
ppo,2x2,dynamic,14,525,B1,1,1.0,6
ppo,2x2,dynamic,14,525,B2,1,8.0,11
ppo,2x2,dynamic,14,525,C1,1,7.0,4
ppo,2x2,dynamic,14,525,C2,1,2.0,21
ppo,2x2,dynamic,14,530,B1,4,15.0,6
ppo,2x2,dynamic,14,530,B2,3,5.0,13
ppo,2x2,dynamic,14,530,C1,1,4.0,3
ppo,2x2,dynamic,14,530,C2,4,13.0,18
ppo,2x2,dynamic,14,535,B1,5,38.0,6
ppo,2x2,dynamic,14,535,B2,6,28.0,15
ppo,2x2,dynamic,14,535,C1,1,9.0,4
ppo,2x2,dynamic,14,535,C2,8,44.0,19
ppo,2x2,dynamic,14,540,B1,1,12.0,5
ppo,2x2,dynamic,14,540,B2,3,13.0,14
ppo,2x2,dynamic,14,540,C1,0,0.0,3
ppo,2x2,dynamic,14,540,C2,9,55.0,18
ppo,2x2,dynamic,14,545,B1,1,1.0,2
ppo,2x2,dynamic,14,545,B2,4,16.0,14
ppo,2x2,dynamic,14,545,C1,1,2.0,6
ppo,2x2,dynamic,14,545,C2,8,39.0,17
ppo,2x2,dynamic,14,550,B1,1,6.0,4
ppo,2x2,dynamic,14,550,B2,7,44.0,15
ppo,2x2,dynamic,14,550,C1,2,11.0,6
ppo,2x2,dynamic,14,550,C2,4,30.0,17
ppo,2x2,dynamic,14,555,B1,0,0.0,5
ppo,2x2,dynamic,14,555,B2,4,28.0,12
ppo,2x2,dynamic,14,555,C1,0,0.0,6
ppo,2x2,dynamic,14,555,C2,1,2.0,17
ppo,2x2,dynamic,14,560,B1,1,4.0,9
ppo,2x2,dynamic,14,560,B2,3,15.0,12
ppo,2x2,dynamic,14,560,C1,1,1.0,6
ppo,2x2,dynamic,14,560,C2,4,16.0,15
ppo,2x2,dynamic,14,565,B1,3,12.0,10
ppo,2x2,dynamic,14,565,B2,5,37.0,9
ppo,2x2,dynamic,14,565,C1,3,15.0,9
ppo,2x2,dynamic,14,565,C2,8,49.0,14
ppo,2x2,dynamic,14,570,B1,0,0.0,9
ppo,2x2,dynamic,14,570,B2,2,23.0,10
ppo,2x2,dynamic,14,570,C1,0,0.0,8
ppo,2x2,dynamic,14,570,C2,9,66.0,16
ppo,2x2,dynamic,14,575,B1,1,4.0,6
ppo,2x2,dynamic,14,575,B2,1,4.0,8
ppo,2x2,dynamic,14,575,C1,2,6.0,9
ppo,2x2,dynamic,14,575,C2,7,46.0,17
ppo,2x2,dynamic,14,580,B1,3,14.0,6
ppo,2x2,dynamic,14,580,B2,2,14.0,6
ppo,2x2,dynamic,14,580,C1,4,23.0,12
ppo,2x2,dynamic,14,580,C2,2,16.0,15
ppo,2x2,dynamic,14,585,B1,1,2.0,7
ppo,2x2,dynamic,14,585,B2,0,0.0,6
ppo,2x2,dynamic,14,585,C1,0,0.0,11
ppo,2x2,dynamic,14,585,C2,1,2.0,17
ppo,2x2,dynamic,14,590,B1,1,7.0,9
ppo,2x2,dynamic,14,590,B2,1,5.0,10
ppo,2x2,dynamic,14,590,C1,5,16.0,10
ppo,2x2,dynamic,14,590,C2,5,19.0,16
ppo,2x2,dynamic,14,595,B1,1,12.0,9
ppo,2x2,dynamic,14,595,B2,4,23.0,13
ppo,2x2,dynamic,14,595,C1,7,49.0,12
ppo,2x2,dynamic,14,595,C2,8,52.0,18
ppo,2x2,dynamic,14,600,B1,1,1.0,9
ppo,2x2,dynamic,14,600,B2,0,0.0,13
ppo,2x2,dynamic,14,600,C1,4,34.0,11
ppo,2x2,dynamic,14,600,C2,9,71.0,17
ppo,2x2,dynamic,14,605,B1,2,7.0,7
ppo,2x2,dynamic,14,605,B2,2,6.0,13
ppo,2x2,dynamic,14,605,C1,2,3.0,10
ppo,2x2,dynamic,14,605,C2,8,50.0,18
ppo,2x2,dynamic,14,610,B1,2,17.0,5
ppo,2x2,dynamic,14,610,B2,5,23.0,15
ppo,2x2,dynamic,14,610,C1,6,23.0,10
ppo,2x2,dynamic,14,610,C2,6,47.0,18
ppo,2x2,dynamic,14,615,B1,1,2.0,5
ppo,2x2,dynamic,14,615,B2,3,15.0,13
ppo,2x2,dynamic,14,615,C1,1,2.0,10
ppo,2x2,dynamic,14,615,C2,1,1.0,16
ppo,2x2,dynamic,14,620,B1,1,7.0,4
ppo,2x2,dynamic,14,620,B2,3,5.0,11
ppo,2x2,dynamic,14,620,C1,5,19.0,12
ppo,2x2,dynamic,14,620,C2,4,17.0,17
ppo,2x2,dynamic,14,625,B1,1,12.0,5
ppo,2x2,dynamic,14,625,B2,6,28.0,10
ppo,2x2,dynamic,14,625,C1,5,41.0,12
ppo,2x2,dynamic,14,625,C2,7,44.0,18
ppo,2x2,dynamic,14,630,B1,0,0.0,5
ppo,2x2,dynamic,14,630,B2,4,10.0,10
ppo,2x2,dynamic,14,630,C1,3,28.0,11
ppo,2x2,dynamic,14,630,C2,9,57.0,16
ppo,2x2,dynamic,14,635,B1,1,4.0,4
ppo,2x2,dynamic,14,635,B2,6,28.0,10
ppo,2x2,dynamic,14,635,C1,2,8.0,11
ppo,2x2,dynamic,14,635,C2,8,50.0,14
ppo,2x2,dynamic,14,640,B1,1,9.0,4
ppo,2x2,dynamic,14,640,B2,6,58.0,12
ppo,2x2,dynamic,14,640,C1,3,23.0,10
ppo,2x2,dynamic,14,640,C2,6,53.0,13
ppo,2x2,dynamic,14,645,B1,0,0.0,4
ppo,2x2,dynamic,14,645,B2,3,28.0,11
ppo,2x2,dynamic,14,645,C1,1,10.0,8
ppo,2x2,dynamic,14,645,C2,3,26.0,13
ppo,2x2,dynamic,14,650,B1,1,3.0,7
ppo,2x2,dynamic,14,650,B2,1,2.0,11
ppo,2x2,dynamic,14,650,C1,2,6.0,8
ppo,2x2,dynamic,14,650,C2,4,15.0,14
ppo,2x2,dynamic,14,655,B1,1,8.0,7
ppo,2x2,dynamic,14,655,B2,4,15.0,10
ppo,2x2,dynamic,14,655,C1,4,20.0,11
ppo,2x2,dynamic,14,655,C2,6,43.0,15
ppo,2x2,dynamic,14,660,B1,0,0.0,6
ppo,2x2,dynamic,14,660,B2,1,2.0,8
ppo,2x2,dynamic,14,660,C1,2,3.0,11
ppo,2x2,dynamic,14,660,C2,9,57.0,15
ppo,2x2,dynamic,14,665,B1,1,2.0,8
ppo,2x2,dynamic,14,665,B2,2,12.0,7
ppo,2x2,dynamic,14,665,C1,3,13.0,9
ppo,2x2,dynamic,14,665,C2,4,30.0,14
ppo,2x2,dynamic,14,670,B1,3,13.0,11
ppo,2x2,dynamic,14,670,B2,3,27.0,9
ppo,2x2,dynamic,14,670,C1,5,35.0,10
ppo,2x2,dynamic,14,670,C2,3,8.0,15
ppo,2x2,dynamic,14,675,B1,1,6.0,9
ppo,2x2,dynamic,14,675,B2,2,15.0,8
ppo,2x2,dynamic,14,675,C1,1,7.0,9
ppo,2x2,dynamic,14,675,C2,2,6.0,15
ppo,2x2,dynamic,14,680,B1,1,2.0,11
ppo,2x2,dynamic,14,680,B2,1,2.0,6
ppo,2x2,dynamic,14,680,C1,0,0.0,5
ppo,2x2,dynamic,14,680,C2,5,18.0,14
ppo,2x2,dynamic,14,685,B1,2,12.0,9
ppo,2x2,dynamic,14,685,B2,2,12.0,6
ppo,2x2,dynamic,14,685,C1,1,1.0,3
ppo,2x2,dynamic,14,685,C2,9,53.0,15
ppo,2x2,dynamic,14,690,B1,2,3.0,9
ppo,2x2,dynamic,14,690,B2,1,5.0,7
ppo,2x2,dynamic,14,690,C1,0,0.0,3
ppo,2x2,dynamic,14,690,C2,8,58.0,14
ppo,2x2,dynamic,14,695,B1,3,10.0,10
ppo,2x2,dynamic,14,695,B2,0,0.0,10
ppo,2x2,dynamic,14,695,C1,0,0.0,3
ppo,2x2,dynamic,14,695,C2,4,29.0,15
ppo,2x2,dynamic,14,700,B1,4,29.0,10
ppo,2x2,dynamic,14,700,B2,0,0.0,9
ppo,2x2,dynamic,14,700,C1,0,0.0,6
ppo,2x2,dynamic,14,700,C2,4,36.0,13
ppo,2x2,dynamic,14,705,B1,1,11.0,8
ppo,2x2,dynamic,14,705,B2,1,2.0,9
ppo,2x2,dynamic,14,705,C1,1,2.0,7
ppo,2x2,dynamic,14,705,C2,4,27.0,14
ppo,2x2,dynamic,14,710,B1,0,0.0,5
ppo,2x2,dynamic,14,710,B2,3,9.0,11
ppo,2x2,dynamic,14,710,C1,1,7.0,9
ppo,2x2,dynamic,14,710,C2,5,17.0,13
ppo,2x2,dynamic,14,715,B1,1,2.0,3
ppo,2x2,dynamic,14,715,B2,5,30.0,12
ppo,2x2,dynamic,14,715,C1,2,14.0,9
ppo,2x2,dynamic,14,715,C2,6,46.0,11
ppo,2x2,dynamic,14,720,B1,1,1.0,4
ppo,2x2,dynamic,14,720,B2,1,9.0,12
ppo,2x2,dynamic,14,720,C1,1,2.0,10
ppo,2x2,dynamic,14,720,C2,4,45.0,11
ppo,2x2,dynamic,14,725,B1,2,10.0,6
ppo,2x2,dynamic,14,725,B2,1,3.0,10
ppo,2x2,dynamic,14,725,C1,4,17.0,9
ppo,2x2,dynamic,14,725,C2,2,8.0,9
ppo,2x2,dynamic,14,730,B1,2,20.0,6
ppo,2x2,dynamic,14,730,B2,1,8.0,6
ppo,2x2,dynamic,14,730,C1,4,37.0,10
ppo,2x2,dynamic,14,730,C2,2,18.0,9
ppo,2x2,dynamic,14,735,B1,0,0.0,7
ppo,2x2,dynamic,14,735,B2,0,0.0,6
ppo,2x2,dynamic,14,735,C1,2,25.0,8
ppo,2x2,dynamic,14,735,C2,1,4.0,7
ppo,2x2,dynamic,14,740,B1,2,4.0,8
ppo,2x2,dynamic,14,740,B2,2,7.0,8
ppo,2x2,dynamic,14,740,C1,0,0.0,7
ppo,2x2,dynamic,14,740,C2,1,4.0,7
ppo,2x2,dynamic,14,745,B1,3,18.0,10
ppo,2x2,dynamic,14,745,B2,4,25.0,12
ppo,2x2,dynamic,14,745,C1,2,4.0,8
ppo,2x2,dynamic,14,745,C2,2,13.0,6
ppo,2x2,dynamic,14,750,B1,1,1.0,9
ppo,2x2,dynamic,14,750,B2,2,18.0,11
ppo,2x2,dynamic,14,750,C1,0,0.0,8
ppo,2x2,dynamic,14,750,C2,1,3.0,7
ppo,2x2,dynamic,14,755,B1,2,8.0,7
ppo,2x2,dynamic,14,755,B2,0,0.0,11
ppo,2x2,dynamic,14,755,C1,2,10.0,9
ppo,2x2,dynamic,14,755,C2,0,0.0,9
ppo,2x2,dynamic,14,760,B1,2,18.0,7
ppo,2x2,dynamic,14,760,B2,2,3.0,10
ppo,2x2,dynamic,14,760,C1,2,20.0,10
ppo,2x2,dynamic,14,760,C2,0,0.0,10
ppo,2x2,dynamic,14,765,B1,1,1.0,7
ppo,2x2,dynamic,14,765,B2,1,1.0,9
ppo,2x2,dynamic,14,765,C1,0,0.0,10
ppo,2x2,dynamic,14,765,C2,1,2.0,10
ppo,2x2,dynamic,14,770,B1,0,0.0,7
ppo,2x2,dynamic,14,770,B2,2,7.0,9
ppo,2x2,dynamic,14,770,C1,3,9.0,12
ppo,2x2,dynamic,14,770,C2,4,15.0,13
ppo,2x2,dynamic,14,775,B1,1,4.0,7
ppo,2x2,dynamic,14,775,B2,3,21.0,10
ppo,2x2,dynamic,14,775,C1,4,25.0,12
ppo,2x2,dynamic,14,775,C2,5,36.0,13
ppo,2x2,dynamic,14,780,B1,0,0.0,6
ppo,2x2,dynamic,14,780,B2,2,13.0,12
ppo,2x2,dynamic,14,780,C1,4,22.0,12
ppo,2x2,dynamic,14,780,C2,3,11.0,11
ppo,2x2,dynamic,14,785,B1,2,7.0,6
ppo,2x2,dynamic,14,785,B2,2,6.0,12
ppo,2x2,dynamic,14,785,C1,4,11.0,13
ppo,2x2,dynamic,14,785,C2,5,15.0,13
ppo,2x2,dynamic,14,790,B1,3,22.0,7
ppo,2x2,dynamic,14,790,B2,3,17.0,11
ppo,2x2,dynamic,14,790,C1,3,25.0,12
ppo,2x2,dynamic,14,790,C2,3,27.0,14
ppo,2x2,dynamic,14,795,B1,2,11.0,7
ppo,2x2,dynamic,14,795,B2,1,6.0,10
ppo,2x2,dynamic,14,795,C1,0,0.0,9
ppo,2x2,dynamic,14,795,C2,3,15.0,14
ppo,2x2,dynamic,14,800,B1,1,6.0,6
ppo,2x2,dynamic,14,800,B2,1,5.0,8
ppo,2x2,dynamic,14,800,C1,6,16.0,10
ppo,2x2,dynamic,14,800,C2,5,19.0,14
ppo,2x2,dynamic,14,805,B1,1,11.0,6
ppo,2x2,dynamic,14,805,B2,4,17.0,6
ppo,2x2,dynamic,14,805,C1,7,51.0,14
ppo,2x2,dynamic,14,805,C2,10,58.0,15
ppo,2x2,dynamic,14,810,B1,0,0.0,7
ppo,2x2,dynamic,14,810,B2,2,10.0,4
ppo,2x2,dynamic,14,810,C1,4,38.0,13
ppo,2x2,dynamic,14,810,C2,7,60.0,14
ppo,2x2,dynamic,14,815,B1,1,1.0,8
ppo,2x2,dynamic,14,815,B2,0,0.0,3
ppo,2x2,dynamic,14,815,C1,2,4.0,13
ppo,2x2,dynamic,14,815,C2,3,20.0,14
ppo,2x2,dynamic,14,820,B1,3,12.0,9
ppo,2x2,dynamic,14,820,B2,0,0.0,2
ppo,2x2,dynamic,14,820,C1,8,35.0,15
ppo,2x2,dynamic,14,820,C2,2,10.0,16
ppo,2x2,dynamic,14,825,B1,2,10.0,7
ppo,2x2,dynamic,14,825,B2,0,0.0,3
ppo,2x2,dynamic,14,825,C1,3,13.0,14
ppo,2x2,dynamic,14,825,C2,2,6.0,17
ppo,2x2,dynamic,14,830,B1,3,9.0,8
ppo,2x2,dynamic,14,830,B2,1,2.0,5
ppo,2x2,dynamic,14,830,C1,4,13.0,13
ppo,2x2,dynamic,14,830,C2,4,16.0,16
ppo,2x2,dynamic,14,835,B1,4,25.0,8
ppo,2x2,dynamic,14,835,B2,1,7.0,5
ppo,2x2,dynamic,14,835,C1,6,39.0,13
ppo,2x2,dynamic,14,835,C2,8,51.0,17
ppo,2x2,dynamic,14,840,B1,0,0.0,7
ppo,2x2,dynamic,14,840,B2,1,1.0,8
ppo,2x2,dynamic,14,840,C1,5,35.0,12
ppo,2x2,dynamic,14,840,C2,8,67.0,17
ppo,2x2,dynamic,14,845,B1,2,3.0,6
ppo,2x2,dynamic,14,845,B2,2,7.0,9
ppo,2x2,dynamic,14,845,C1,4,20.0,12
ppo,2x2,dynamic,14,845,C2,7,43.0,16
ppo,2x2,dynamic,14,850,B1,2,13.0,6
ppo,2x2,dynamic,14,850,B2,2,17.0,12
ppo,2x2,dynamic,14,850,C1,4,40.0,10
ppo,2x2,dynamic,14,850,C2,4,23.0,17
ppo,2x2,dynamic,14,855,B1,0,0.0,9
ppo,2x2,dynamic,14,855,B2,0,0.0,12
ppo,2x2,dynamic,14,855,C1,1,5.0,8
ppo,2x2,dynamic,14,855,C2,2,7.0,16
ppo,2x2,dynamic,14,860,B1,1,2.0,10
ppo,2x2,dynamic,14,860,B2,1,1.0,11
ppo,2x2,dynamic,14,860,C1,4,15.0,11
ppo,2x2,dynamic,14,860,C2,4,16.0,16
ppo,2x2,dynamic,14,865,B1,3,14.0,11
ppo,2x2,dynamic,14,865,B2,3,13.0,9
ppo,2x2,dynamic,14,865,C1,6,45.0,11
ppo,2x2,dynamic,14,865,C2,8,47.0,15
ppo,2x2,dynamic,14,870,B1,3,11.0,9
ppo,2x2,dynamic,14,870,B2,3,15.0,7
ppo,2x2,dynamic,14,870,C1,0,0.0,13
ppo,2x2,dynamic,14,870,C2,11,64.0,15
ppo,2x2,dynamic,14,875,B1,2,7.0,7
ppo,2x2,dynamic,14,875,B2,2,2.0,7
ppo,2x2,dynamic,14,875,C1,5,17.0,12
ppo,2x2,dynamic,14,875,C2,7,46.0,16
ppo,2x2,dynamic,14,880,B1,4,24.0,8
ppo,2x2,dynamic,14,880,B2,3,13.0,8
ppo,2x2,dynamic,14,880,C1,5,42.0,12
ppo,2x2,dynamic,14,880,C2,4,22.0,16
ppo,2x2,dynamic,14,885,B1,2,17.0,7
ppo,2x2,dynamic,14,885,B2,0,0.0,10
ppo,2x2,dynamic,14,885,C1,3,8.0,10
ppo,2x2,dynamic,14,885,C2,1,2.0,16
ppo,2x2,dynamic,14,890,B1,0,0.0,7
ppo,2x2,dynamic,14,890,B2,0,0.0,13
ppo,2x2,dynamic,14,890,C1,4,17.0,8
ppo,2x2,dynamic,14,890,C2,5,21.0,16
ppo,2x2,dynamic,14,895,B1,0,0.0,7
ppo,2x2,dynamic,14,895,B2,3,9.0,16
ppo,2x2,dynamic,14,895,C1,4,33.0,9
ppo,2x2,dynamic,14,895,C2,8,54.0,14
ppo,2x2,dynamic,14,900,B1,0,0.0,7
ppo,2x2,dynamic,14,900,B2,4,18.0,15
ppo,2x2,dynamic,14,900,C1,1,2.0,9
ppo,2x2,dynamic,14,900,C2,8,69.0,14
ppo,2x2,dynamic,14,905,B1,0,0.0,8
ppo,2x2,dynamic,14,905,B2,3,5.0,14
ppo,2x2,dynamic,14,905,C1,3,16.0,7
ppo,2x2,dynamic,14,905,C2,7,41.0,16
ppo,2x2,dynamic,14,910,B1,1,5.0,7
ppo,2x2,dynamic,14,910,B2,4,19.0,11
ppo,2x2,dynamic,14,910,C1,3,31.0,8
ppo,2x2,dynamic,14,910,C2,3,23.0,16
ppo,2x2,dynamic,14,915,B1,0,0.0,7
ppo,2x2,dynamic,14,915,B2,2,8.0,11
ppo,2x2,dynamic,14,915,C1,1,14.0,4
ppo,2x2,dynamic,14,915,C2,1,2.0,16
ppo,2x2,dynamic,14,920,B1,2,5.0,5
ppo,2x2,dynamic,14,920,B2,4,16.0,11
ppo,2x2,dynamic,14,920,C1,0,0.0,5
ppo,2x2,dynamic,14,920,C2,4,17.0,19
ppo,2x2,dynamic,14,925,B1,2,15.0,7
ppo,2x2,dynamic,14,925,B2,5,40.0,12
ppo,2x2,dynamic,14,925,C1,0,0.0,5
ppo,2x2,dynamic,14,925,C2,7,46.0,18
ppo,2x2,dynamic,14,930,B1,2,4.0,8
ppo,2x2,dynamic,14,930,B2,5,35.0,10
ppo,2x2,dynamic,14,930,C1,0,0.0,5
ppo,2x2,dynamic,14,930,C2,9,60.0,17
ppo,2x2,dynamic,14,935,B1,0,0.0,7
ppo,2x2,dynamic,14,935,B2,2,8.0,10
ppo,2x2,dynamic,14,935,C1,2,7.0,4
ppo,2x2,dynamic,14,935,C2,8,42.0,15
ppo,2x2,dynamic,14,940,B1,1,1.0,6
ppo,2x2,dynamic,14,940,B2,2,18.0,12
ppo,2x2,dynamic,14,940,C1,3,18.0,5
ppo,2x2,dynamic,14,940,C2,5,27.0,14
ppo,2x2,dynamic,14,945,B1,0,0.0,5
ppo,2x2,dynamic,14,945,B2,1,2.0,13
ppo,2x2,dynamic,14,945,C1,1,6.0,5
ppo,2x2,dynamic,14,945,C2,1,2.0,14
ppo,2x2,dynamic,14,950,B1,2,7.0,5
ppo,2x2,dynamic,14,950,B2,4,17.0,14
ppo,2x2,dynamic,14,950,C1,0,0.0,5
ppo,2x2,dynamic,14,950,C2,4,15.0,15
ppo,2x2,dynamic,14,955,B1,3,18.0,5
ppo,2x2,dynamic,14,955,B2,6,46.0,12
ppo,2x2,dynamic,14,955,C1,1,4.0,6
ppo,2x2,dynamic,14,955,C2,7,42.0,15
ppo,2x2,dynamic,14,960,B1,1,6.0,4
ppo,2x2,dynamic,14,960,B2,5,47.0,13
ppo,2x2,dynamic,14,960,C1,0,0.0,5
ppo,2x2,dynamic,14,960,C2,8,55.0,14
ppo,2x2,dynamic,14,965,B1,0,0.0,3
ppo,2x2,dynamic,14,965,B2,5,18.0,14
ppo,2x2,dynamic,14,965,C1,1,1.0,6
ppo,2x2,dynamic,14,965,C2,7,39.0,18
ppo,2x2,dynamic,14,970,B1,1,2.0,2
ppo,2x2,dynamic,14,970,B2,5,43.0,17
ppo,2x2,dynamic,14,970,C1,1,6.0,7
ppo,2x2,dynamic,14,970,C2,4,26.0,17
ppo,2x2,dynamic,14,975,B1,0,0.0,2
ppo,2x2,dynamic,14,975,B2,3,14.0,16
ppo,2x2,dynamic,14,975,C1,0,0.0,6
ppo,2x2,dynamic,14,975,C2,2,5.0,17
ppo,2x2,dynamic,14,980,B1,0,0.0,1
ppo,2x2,dynamic,14,980,B2,6,28.0,16
ppo,2x2,dynamic,14,980,C1,0,0.0,6
ppo,2x2,dynamic,14,980,C2,6,26.0,15
ppo,2x2,dynamic,14,985,B1,0,0.0,3
ppo,2x2,dynamic,14,985,B2,8,53.0,15
ppo,2x2,dynamic,14,985,C1,1,4.0,6
ppo,2x2,dynamic,14,985,C2,9,62.0,15
ppo,2x2,dynamic,14,990,B1,0,0.0,4
ppo,2x2,dynamic,14,990,B2,5,24.0,15
ppo,2x2,dynamic,14,990,C1,1,4.0,6
ppo,2x2,dynamic,14,990,C2,9,67.0,14
ppo,2x2,dynamic,14,995,B1,0,0.0,5
ppo,2x2,dynamic,14,995,B2,7,34.0,15
ppo,2x2,dynamic,14,995,C1,2,11.0,7
ppo,2x2,dynamic,14,995,C2,5,36.0,11
ppo,2x2,dynamic,14,1000,B1,0,0.0,5
ppo,2x2,dynamic,14,1000,B2,9,75.0,16
ppo,2x2,dynamic,14,1000,C1,2,21.0,5
ppo,2x2,dynamic,14,1000,C2,3,22.0,11
ppo,2x2,dynamic,14,1005,B1,0,0.0,6
ppo,2x2,dynamic,14,1005,B2,4,42.0,15
ppo,2x2,dynamic,14,1005,C1,0,0.0,4
ppo,2x2,dynamic,14,1005,C2,1,2.0,11
ppo,2x2,dynamic,14,1010,B1,1,4.0,5
ppo,2x2,dynamic,14,1010,B2,3,14.0,14
ppo,2x2,dynamic,14,1010,C1,0,0.0,4
ppo,2x2,dynamic,14,1010,C2,6,20.0,13
ppo,2x2,dynamic,14,1015,B1,1,9.0,6
ppo,2x2,dynamic,14,1015,B2,4,30.0,15
ppo,2x2,dynamic,14,1015,C1,0,0.0,3
ppo,2x2,dynamic,14,1015,C2,8,56.0,16
ppo,2x2,dynamic,14,1020,B1,0,0.0,5
ppo,2x2,dynamic,14,1020,B2,1,2.0,11
ppo,2x2,dynamic,14,1020,C1,0,0.0,4
ppo,2x2,dynamic,14,1020,C2,3,33.0,15
ppo,2x2,dynamic,14,1025,B1,0,0.0,5
ppo,2x2,dynamic,14,1025,B2,1,2.0,10
ppo,2x2,dynamic,14,1025,C1,1,2.0,4
ppo,2x2,dynamic,14,1025,C2,3,10.0,17
ppo,2x2,dynamic,14,1030,B1,0,0.0,5
ppo,2x2,dynamic,14,1030,B2,7,23.0,11
ppo,2x2,dynamic,14,1030,C1,1,7.0,4
ppo,2x2,dynamic,14,1030,C2,6,34.0,15
ppo,2x2,dynamic,14,1035,B1,0,0.0,4
ppo,2x2,dynamic,14,1035,B2,3,8.0,11
ppo,2x2,dynamic,14,1035,C1,1,1.0,4
ppo,2x2,dynamic,14,1035,C2,8,49.0,15
ppo,2x2,dynamic,14,1040,B1,1,1.0,7
ppo,2x2,dynamic,14,1040,B2,3,12.0,9
ppo,2x2,dynamic,14,1040,C1,2,9.0,3
ppo,2x2,dynamic,14,1040,C2,7,39.0,13
ppo,2x2,dynamic,14,1045,B1,2,11.0,9
ppo,2x2,dynamic,14,1045,B2,3,27.0,9
ppo,2x2,dynamic,14,1045,C1,2,19.0,4
ppo,2x2,dynamic,14,1045,C2,4,35.0,15
ppo,2x2,dynamic,14,1050,B1,1,4.0,9
ppo,2x2,dynamic,14,1050,B2,0,0.0,9
ppo,2x2,dynamic,14,1050,C1,0,0.0,3
ppo,2x2,dynamic,14,1050,C2,2,13.0,13
ppo,2x2,dynamic,14,1055,B1,2,3.0,11
ppo,2x2,dynamic,14,1055,B2,0,0.0,6
ppo,2x2,dynamic,14,1055,C1,0,0.0,3
ppo,2x2,dynamic,14,1055,C2,4,17.0,16
ppo,2x2,dynamic,14,1060,B1,4,18.0,10
ppo,2x2,dynamic,14,1060,B2,1,1.0,8
ppo,2x2,dynamic,14,1060,C1,0,0.0,4
ppo,2x2,dynamic,14,1060,C2,8,48.0,14
ppo,2x2,dynamic,14,1065,B1,1,1.0,10
ppo,2x2,dynamic,14,1065,B2,0,0.0,8
ppo,2x2,dynamic,14,1065,C1,0,0.0,4
ppo,2x2,dynamic,14,1065,C2,7,58.0,15
ppo,2x2,dynamic,14,1070,B1,5,18.0,11
ppo,2x2,dynamic,14,1070,B2,1,1.0,8
ppo,2x2,dynamic,14,1070,C1,1,3.0,5
ppo,2x2,dynamic,14,1070,C2,3,20.0,13
ppo,2x2,dynamic,14,1075,B1,8,53.0,13
ppo,2x2,dynamic,14,1075,B2,2,10.0,7
ppo,2x2,dynamic,14,1075,C1,1,8.0,6
ppo,2x2,dynamic,14,1075,C2,2,7.0,12
ppo,2x2,dynamic,14,1080,B1,6,54.0,13
ppo,2x2,dynamic,14,1080,B2,1,1.0,5
ppo,2x2,dynamic,14,1080,C1,0,0.0,7
ppo,2x2,dynamic,14,1080,C2,3,6.0,13
ppo,2x2,dynamic,14,1085,B1,2,12.0,11
ppo,2x2,dynamic,14,1085,B2,1,2.0,4
ppo,2x2,dynamic,14,1085,C1,2,6.0,8
ppo,2x2,dynamic,14,1085,C2,4,17.0,13
ppo,2x2,dynamic,14,1090,B1,0,0.0,10
ppo,2x2,dynamic,14,1090,B2,1,7.0,2
ppo,2x2,dynamic,14,1090,C1,2,16.0,9
ppo,2x2,dynamic,14,1090,C2,8,47.0,13
ppo,2x2,dynamic,14,1095,B1,1,1.0,11
ppo,2x2,dynamic,14,1095,B2,0,0.0,1
ppo,2x2,dynamic,14,1095,C1,0,0.0,7
ppo,2x2,dynamic,14,1095,C2,7,59.0,12
ppo,2x2,dynamic,14,1100,B1,4,14.0,9
ppo,2x2,dynamic,14,1100,B2,0,0.0,3
ppo,2x2,dynamic,14,1100,C1,1,3.0,7
ppo,2x2,dynamic,14,1100,C2,3,21.0,12
ppo,2x2,dynamic,14,1105,B1,4,34.0,9
ppo,2x2,dynamic,14,1105,B2,1,4.0,5
ppo,2x2,dynamic,14,1105,C1,2,10.0,9
ppo,2x2,dynamic,14,1105,C2,1,5.0,10
ppo,2x2,dynamic,14,1110,B1,4,28.0,8
ppo,2x2,dynamic,14,1110,B2,0,0.0,5
ppo,2x2,dynamic,14,1110,C1,1,4.0,9
ppo,2x2,dynamic,14,1110,C2,0,0.0,11
ppo,2x2,dynamic,14,1115,B1,1,6.0,7
ppo,2x2,dynamic,14,1115,B2,0,0.0,6
ppo,2x2,dynamic,14,1115,C1,0,0.0,9
ppo,2x2,dynamic,14,1115,C2,3,10.0,11
ppo,2x2,dynamic,14,1120,B1,1,11.0,6
ppo,2x2,dynamic,14,1120,B2,1,3.0,8
ppo,2x2,dynamic,14,1120,C1,2,4.0,9
ppo,2x2,dynamic,14,1120,C2,5,33.0,12
ppo,2x2,dynamic,14,1125,B1,1,2.0,6
ppo,2x2,dynamic,14,1125,B2,0,0.0,9
ppo,2x2,dynamic,14,1125,C1,3,9.0,8
ppo,2x2,dynamic,14,1125,C2,5,35.0,10
ppo,2x2,dynamic,14,1130,B1,1,7.0,5
ppo,2x2,dynamic,14,1130,B2,1,2.0,7
ppo,2x2,dynamic,14,1130,C1,0,0.0,9
ppo,2x2,dynamic,14,1130,C2,1,4.0,10
ppo,2x2,dynamic,14,1135,B1,1,12.0,3
ppo,2x2,dynamic,14,1135,B2,1,7.0,6
ppo,2x2,dynamic,14,1135,C1,2,7.0,11
ppo,2x2,dynamic,14,1135,C2,1,4.0,8
ppo,2x2,dynamic,14,1140,B1,0,0.0,3
ppo,2x2,dynamic,14,1140,B2,0,0.0,5
ppo,2x2,dynamic,14,1140,C1,1,2.0,10
ppo,2x2,dynamic,14,1140,C2,2,4.0,6
ppo,2x2,dynamic,14,1145,B1,0,0.0,4
ppo,2x2,dynamic,14,1145,B2,3,7.0,9
ppo,2x2,dynamic,14,1145,C1,2,9.0,9
ppo,2x2,dynamic,14,1145,C2,5,23.0,8
ppo,2x2,dynamic,14,1150,B1,0,0.0,4
ppo,2x2,dynamic,14,1150,B2,2,16.0,8
ppo,2x2,dynamic,14,1150,C1,5,25.0,7
ppo,2x2,dynamic,14,1150,C2,5,48.0,11
ppo,2x2,dynamic,14,1155,B1,0,0.0,5
ppo,2x2,dynamic,14,1155,B2,0,0.0,7
ppo,2x2,dynamic,14,1155,C1,4,25.0,6
ppo,2x2,dynamic,14,1155,C2,3,39.0,12
ppo,2x2,dynamic,14,1160,B1,1,5.0,5
ppo,2x2,dynamic,14,1160,B2,1,3.0,6
ppo,2x2,dynamic,14,1160,C1,0,0.0,8
ppo,2x2,dynamic,14,1160,C2,1,1.0,10
ppo,2x2,dynamic,14,1165,B1,2,15.0,6
ppo,2x2,dynamic,14,1165,B2,2,12.0,7
ppo,2x2,dynamic,14,1165,C1,0,0.0,8
ppo,2x2,dynamic,14,1165,C2,1,6.0,9
ppo,2x2,dynamic,14,1170,B1,0,0.0,5
ppo,2x2,dynamic,14,1170,B2,1,1.0,9
ppo,2x2,dynamic,14,1170,C1,1,2.0,7
ppo,2x2,dynamic,14,1170,C2,0,0.0,8
ppo,2x2,dynamic,14,1175,B1,1,1.0,4
ppo,2x2,dynamic,14,1175,B2,2,9.0,10
ppo,2x2,dynamic,14,1175,C1,3,12.0,8
ppo,2x2,dynamic,14,1175,C2,3,13.0,10
ppo,2x2,dynamic,14,1180,B1,0,0.0,5
ppo,2x2,dynamic,14,1180,B2,4,28.0,10
ppo,2x2,dynamic,14,1180,C1,3,27.0,8
ppo,2x2,dynamic,14,1180,C2,4,33.0,11
ppo,2x2,dynamic,14,1185,B1,1,3.0,6
ppo,2x2,dynamic,14,1185,B2,4,24.0,8
ppo,2x2,dynamic,14,1185,C1,2,15.0,8
ppo,2x2,dynamic,14,1185,C2,2,13.0,9
ppo,2x2,dynamic,14,1190,B1,1,8.0,7
ppo,2x2,dynamic,14,1190,B2,1,3.0,6
ppo,2x2,dynamic,14,1190,C1,2,9.0,7
ppo,2x2,dynamic,14,1190,C2,2,11.0,7
ppo,2x2,dynamic,14,1195,B1,3,20.0,11
ppo,2x2,dynamic,14,1195,B2,0,0.0,7
ppo,2x2,dynamic,14,1195,C1,2,19.0,4
ppo,2x2,dynamic,14,1195,C2,5,25.0,8
ppo,2x2,dynamic,14,1200,B1,1,5.0,10
ppo,2x2,dynamic,14,1200,B2,1,1.0,8
ppo,2x2,dynamic,14,1200,C1,0,0.0,2
ppo,2x2,dynamic,14,1200,C2,1,6.0,8
ppo,2x2,dynamic,14,1205,B1,0,0.0,10
ppo,2x2,dynamic,14,1205,B2,3,13.0,9
ppo,2x2,dynamic,14,1205,C1,1,2.0,2
ppo,2x2,dynamic,14,1205,C2,0,0.0,6
ppo,2x2,dynamic,14,1210,B1,2,9.0,11
ppo,2x2,dynamic,14,1210,B2,4,30.0,9
ppo,2x2,dynamic,14,1210,C1,1,7.0,3
ppo,2x2,dynamic,14,1210,C2,1,3.0,6
ppo,2x2,dynamic,14,1215,B1,4,8.0,12
ppo,2x2,dynamic,14,1215,B2,3,24.0,10
ppo,2x2,dynamic,14,1215,C1,0,0.0,3
ppo,2x2,dynamic,14,1215,C2,1,4.0,5
ppo,2x2,dynamic,14,1220,B1,5,31.0,11
ppo,2x2,dynamic,14,1220,B2,1,4.0,10
ppo,2x2,dynamic,14,1220,C1,0,0.0,5
ppo,2x2,dynamic,14,1220,C2,2,5.0,5
ppo,2x2,dynamic,14,1225,B1,6,60.0,13
ppo,2x2,dynamic,14,1225,B2,2,13.0,9
ppo,2x2,dynamic,14,1225,C1,2,6.0,7
ppo,2x2,dynamic,14,1225,C2,2,15.0,8
ppo,2x2,dynamic,14,1230,B1,4,25.0,14
ppo,2x2,dynamic,14,1230,B2,0,0.0,6
ppo,2x2,dynamic,14,1230,C1,0,0.0,8
ppo,2x2,dynamic,14,1230,C2,1,1.0,9
ppo,2x2,dynamic,14,1235,B1,0,0.0,13
ppo,2x2,dynamic,14,1235,B2,2,5.0,6
ppo,2x2,dynamic,14,1235,C1,0,0.0,11
ppo,2x2,dynamic,14,1235,C2,2,9.0,11
ppo,2x2,dynamic,14,1240,B1,1,2.0,11
ppo,2x2,dynamic,14,1240,B2,4,22.0,7
ppo,2x2,dynamic,14,1240,C1,1,5.0,10
ppo,2x2,dynamic,14,1240,C2,3,20.0,9
ppo,2x2,dynamic,14,1245,B1,1,3.0,9
ppo,2x2,dynamic,14,1245,B2,2,17.0,7
ppo,2x2,dynamic,14,1245,C1,2,4.0,9
ppo,2x2,dynamic,14,1245,C2,4,14.0,7
ppo,2x2,dynamic,14,1250,B1,4,13.0,9
ppo,2x2,dynamic,14,1250,B2,1,2.0,7
ppo,2x2,dynamic,14,1250,C1,0,0.0,10
ppo,2x2,dynamic,14,1250,C2,1,1.0,5
ppo,2x2,dynamic,14,1255,B1,6,40.0,10
ppo,2x2,dynamic,14,1255,B2,1,7.0,7
ppo,2x2,dynamic,14,1255,C1,2,8.0,9
ppo,2x2,dynamic,14,1255,C2,1,6.0,4
ppo,2x2,dynamic,14,1260,B1,4,30.0,9
ppo,2x2,dynamic,14,1260,B2,2,5.0,6
ppo,2x2,dynamic,14,1260,C1,0,0.0,8
ppo,2x2,dynamic,14,1260,C2,1,2.0,4
ppo,2x2,dynamic,14,1265,B1,1,7.0,7
ppo,2x2,dynamic,14,1265,B2,0,0.0,5
ppo,2x2,dynamic,14,1265,C1,0,0.0,7
ppo,2x2,dynamic,14,1265,C2,2,8.0,4
ppo,2x2,dynamic,14,1270,B1,1,12.0,7
ppo,2x2,dynamic,14,1270,B2,1,4.0,5
ppo,2x2,dynamic,14,1270,C1,3,9.0,6
ppo,2x2,dynamic,14,1270,C2,3,20.0,5
ppo,2x2,dynamic,14,1275,B1,2,5.0,6
ppo,2x2,dynamic,14,1275,B2,1,2.0,5
ppo,2x2,dynamic,14,1275,C1,1,7.0,4
ppo,2x2,dynamic,14,1275,C2,1,7.0,4
ppo,2x2,dynamic,14,1280,B1,3,18.0,5
ppo,2x2,dynamic,14,1280,B2,2,10.0,6
ppo,2x2,dynamic,14,1280,C1,1,1.0,6
ppo,2x2,dynamic,14,1280,C2,0,0.0,5
ppo,2x2,dynamic,14,1285,B1,3,33.0,8
ppo,2x2,dynamic,14,1285,B2,3,22.0,6
ppo,2x2,dynamic,14,1285,C1,1,6.0,5
ppo,2x2,dynamic,14,1285,C2,0,0.0,4
ppo,2x2,dynamic,14,1290,B1,2,15.0,8
ppo,2x2,dynamic,14,1290,B2,0,0.0,4
ppo,2x2,dynamic,14,1290,C1,0,0.0,4
ppo,2x2,dynamic,14,1290,C2,0,0.0,5
ppo,2x2,dynamic,14,1295,B1,2,9.0,9
ppo,2x2,dynamic,14,1295,B2,0,0.0,2
ppo,2x2,dynamic,14,1295,C1,0,0.0,5
ppo,2x2,dynamic,14,1295,C2,1,1.0,5
ppo,2x2,dynamic,14,1300,B1,3,22.0,9
ppo,2x2,dynamic,14,1300,B2,1,4.0,2
ppo,2x2,dynamic,14,1300,C1,3,8.0,7
ppo,2x2,dynamic,14,1300,C2,2,8.0,7
ppo,2x2,dynamic,14,1305,B1,0,0.0,7
ppo,2x2,dynamic,14,1305,B2,0,0.0,1
ppo,2x2,dynamic,14,1305,C1,0,0.0,8
ppo,2x2,dynamic,14,1305,C2,0,0.0,5
ppo,2x2,dynamic,14,1310,B1,1,2.0,7
ppo,2x2,dynamic,14,1310,B2,0,0.0,1
ppo,2x2,dynamic,14,1310,C1,0,0.0,11
ppo,2x2,dynamic,14,1310,C2,0,0.0,6
ppo,2x2,dynamic,14,1315,B1,3,16.0,9
ppo,2x2,dynamic,14,1315,B2,1,2.0,1
ppo,2x2,dynamic,14,1315,C1,2,6.0,12
ppo,2x2,dynamic,14,1315,C2,0,0.0,6
ppo,2x2,dynamic,14,1320,B1,2,5.0,10
ppo,2x2,dynamic,14,1320,B2,0,0.0,1
ppo,2x2,dynamic,14,1320,C1,0,0.0,11
ppo,2x2,dynamic,14,1320,C2,0,0.0,6
ppo,2x2,dynamic,14,1325,B1,3,11.0,9
ppo,2x2,dynamic,14,1325,B2,0,0.0,1
ppo,2x2,dynamic,14,1325,C1,3,9.0,13
ppo,2x2,dynamic,14,1325,C2,0,0.0,7
ppo,2x2,dynamic,14,1330,B1,5,33.0,10
ppo,2x2,dynamic,14,1330,B2,0,0.0,4
ppo,2x2,dynamic,14,1330,C1,8,39.0,13
ppo,2x2,dynamic,14,1330,C2,2,9.0,7
ppo,2x2,dynamic,14,1335,B1,2,4.0,10
ppo,2x2,dynamic,14,1335,B2,0,0.0,5
ppo,2x2,dynamic,14,1335,C1,4,20.0,11
ppo,2x2,dynamic,14,1335,C2,0,0.0,6
ppo,2x2,dynamic,14,1340,B1,5,19.0,9
ppo,2x2,dynamic,14,1340,B2,0,0.0,6
ppo,2x2,dynamic,14,1340,C1,0,0.0,10
ppo,2x2,dynamic,14,1340,C2,3,8.0,4
ppo,2x2,dynamic,14,1345,B1,4,36.0,8
ppo,2x2,dynamic,14,1345,B2,1,2.0,6
ppo,2x2,dynamic,14,1345,C1,1,1.0,8
ppo,2x2,dynamic,14,1345,C2,3,23.0,6
ppo,2x2,dynamic,14,1350,B1,1,5.0,7
ppo,2x2,dynamic,14,1350,B2,0,0.0,5
ppo,2x2,dynamic,14,1350,C1,0,0.0,7
ppo,2x2,dynamic,14,1350,C2,0,0.0,5
ppo,2x2,dynamic,14,1355,B1,1,2.0,6
ppo,2x2,dynamic,14,1355,B2,0,0.0,5
ppo,2x2,dynamic,14,1355,C1,4,12.0,9
ppo,2x2,dynamic,14,1355,C2,0,0.0,6
ppo,2x2,dynamic,14,1360,B1,1,4.0,7
ppo,2x2,dynamic,14,1360,B2,1,5.0,6
ppo,2x2,dynamic,14,1360,C1,5,35.0,12
ppo,2x2,dynamic,14,1360,C2,0,0.0,6
ppo,2x2,dynamic,14,1365,B1,1,2.0,8
ppo,2x2,dynamic,14,1365,B2,1,2.0,6
ppo,2x2,dynamic,14,1365,C1,4,35.0,12
ppo,2x2,dynamic,14,1365,C2,0,0.0,6
ppo,2x2,dynamic,14,1370,B1,3,13.0,9
ppo,2x2,dynamic,14,1370,B2,2,9.0,6
ppo,2x2,dynamic,14,1370,C1,0,0.0,9
ppo,2x2,dynamic,14,1370,C2,0,0.0,6
ppo,2x2,dynamic,14,1375,B1,4,29.0,9
ppo,2x2,dynamic,14,1375,B2,2,19.0,5
ppo,2x2,dynamic,14,1375,C1,1,5.0,8
ppo,2x2,dynamic,14,1375,C2,1,5.0,8
ppo,2x2,dynamic,14,1380,B1,2,18.0,11
ppo,2x2,dynamic,14,1380,B2,1,3.0,4
ppo,2x2,dynamic,14,1380,C1,1,1.0,9
ppo,2x2,dynamic,14,1380,C2,1,3.0,8
ppo,2x2,dynamic,14,1385,B1,1,4.0,11
ppo,2x2,dynamic,14,1385,B2,0,0.0,3
ppo,2x2,dynamic,14,1385,C1,5,18.0,9
ppo,2x2,dynamic,14,1385,C2,2,12.0,7
ppo,2x2,dynamic,14,1390,B1,1,9.0,9
ppo,2x2,dynamic,14,1390,B2,0,0.0,3
ppo,2x2,dynamic,14,1390,C1,5,43.0,10
ppo,2x2,dynamic,14,1390,C2,3,23.0,8
ppo,2x2,dynamic,14,1395,B1,1,2.0,9
ppo,2x2,dynamic,14,1395,B2,0,0.0,3
ppo,2x2,dynamic,14,1395,C1,3,37.0,10
ppo,2x2,dynamic,14,1395,C2,3,10.0,8
ppo,2x2,dynamic,14,1400,B1,5,22.0,7
ppo,2x2,dynamic,14,1400,B2,0,0.0,4
ppo,2x2,dynamic,14,1400,C1,1,5.0,12
ppo,2x2,dynamic,14,1400,C2,1,3.0,7
ppo,2x2,dynamic,14,1405,B1,5,47.0,8
ppo,2x2,dynamic,14,1405,B2,1,2.0,5
ppo,2x2,dynamic,14,1405,C1,3,13.0,12
ppo,2x2,dynamic,14,1405,C2,1,8.0,5
ppo,2x2,dynamic,14,1410,B1,1,12.0,7
ppo,2x2,dynamic,14,1410,B2,0,0.0,4
ppo,2x2,dynamic,14,1410,C1,2,4.0,11
ppo,2x2,dynamic,14,1410,C2,0,0.0,4
ppo,2x2,dynamic,14,1415,B1,3,6.0,5
ppo,2x2,dynamic,14,1415,B2,0,0.0,5
ppo,2x2,dynamic,14,1415,C1,6,26.0,12
ppo,2x2,dynamic,14,1415,C2,0,0.0,4
ppo,2x2,dynamic,14,1420,B1,3,21.0,6
ppo,2x2,dynamic,14,1420,B2,1,3.0,5
ppo,2x2,dynamic,14,1420,C1,8,63.0,13
ppo,2x2,dynamic,14,1420,C2,1,5.0,5
ppo,2x2,dynamic,14,1425,B1,1,1.0,5
ppo,2x2,dynamic,14,1425,B2,0,0.0,6
ppo,2x2,dynamic,14,1425,C1,4,42.0,12
ppo,2x2,dynamic,14,1425,C2,0,0.0,6
ppo,2x2,dynamic,14,1430,B1,3,14.0,6
ppo,2x2,dynamic,14,1430,B2,2,7.0,8
ppo,2x2,dynamic,14,1430,C1,1,3.0,12
ppo,2x2,dynamic,14,1430,C2,0,0.0,8
ppo,2x2,dynamic,14,1435,B1,3,29.0,9
ppo,2x2,dynamic,14,1435,B2,2,17.0,7
ppo,2x2,dynamic,14,1435,C1,3,15.0,13
ppo,2x2,dynamic,14,1435,C2,3,8.0,10
ppo,2x2,dynamic,14,1440,B1,0,0.0,8
ppo,2x2,dynamic,14,1440,B2,0,0.0,5
ppo,2x2,dynamic,14,1440,C1,3,11.0,12
ppo,2x2,dynamic,14,1440,C2,1,6.0,8
ppo,2x2,dynamic,14,1445,B1,2,3.0,10
ppo,2x2,dynamic,14,1445,B2,2,6.0,5
ppo,2x2,dynamic,14,1445,C1,5,22.0,12
ppo,2x2,dynamic,14,1445,C2,1,2.0,8
ppo,2x2,dynamic,14,1450,B1,4,17.0,11
ppo,2x2,dynamic,14,1450,B2,3,21.0,6
ppo,2x2,dynamic,14,1450,C1,8,58.0,14
ppo,2x2,dynamic,14,1450,C2,2,12.0,8
ppo,2x2,dynamic,14,1455,B1,1,2.0,13
ppo,2x2,dynamic,14,1455,B2,1,10.0,7
ppo,2x2,dynamic,14,1455,C1,4,44.0,13
ppo,2x2,dynamic,14,1455,C2,1,1.0,7
ppo,2x2,dynamic,14,1460,B1,4,19.0,12
ppo,2x2,dynamic,14,1460,B2,1,2.0,6
ppo,2x2,dynamic,14,1460,C1,0,0.0,11
ppo,2x2,dynamic,14,1460,C2,2,11.0,7
ppo,2x2,dynamic,14,1465,B1,6,44.0,10
ppo,2x2,dynamic,14,1465,B2,1,7.0,5
ppo,2x2,dynamic,14,1465,C1,2,4.0,14
ppo,2x2,dynamic,14,1465,C2,3,24.0,10
ppo,2x2,dynamic,14,1470,B1,4,29.0,9
ppo,2x2,dynamic,14,1470,B2,0,0.0,4
ppo,2x2,dynamic,14,1470,C1,2,2.0,15
ppo,2x2,dynamic,14,1470,C2,0,0.0,10
ppo,2x2,dynamic,14,1475,B1,3,16.0,9
ppo,2x2,dynamic,14,1475,B2,1,4.0,4
ppo,2x2,dynamic,14,1475,C1,3,11.0,14
ppo,2x2,dynamic,14,1475,C2,1,3.0,10
ppo,2x2,dynamic,14,1480,B1,3,31.0,10
ppo,2x2,dynamic,14,1480,B2,2,13.0,5
ppo,2x2,dynamic,14,1480,C1,6,35.0,12
ppo,2x2,dynamic,14,1480,C2,4,16.0,10
ppo,2x2,dynamic,14,1485,B1,2,16.0,9
ppo,2x2,dynamic,14,1485,B2,1,2.0,4
ppo,2x2,dynamic,14,1485,C1,8,48.0,14
ppo,2x2,dynamic,14,1485,C2,3,14.0,7
ppo,2x2,dynamic,14,1490,B1,3,12.0,8
ppo,2x2,dynamic,14,1490,B2,1,7.0,4
ppo,2x2,dynamic,14,1490,C1,5,28.0,16
ppo,2x2,dynamic,14,1490,C2,2,5.0,7
ppo,2x2,dynamic,14,1495,B1,3,27.0,8
ppo,2x2,dynamic,14,1495,B2,2,17.0,5
ppo,2x2,dynamic,14,1495,C1,1,7.0,18
ppo,2x2,dynamic,14,1495,C2,2,15.0,5
ppo,2x2,dynamic,14,1500,B1,0,0.0,6
ppo,2x2,dynamic,14,1500,B2,0,0.0,4
ppo,2x2,dynamic,14,1500,C1,2,3.0,19
ppo,2x2,dynamic,14,1500,C2,1,1.0,5
ppo,2x2,dynamic,14,1505,B1,2,3.0,7
ppo,2x2,dynamic,14,1505,B2,0,0.0,3
ppo,2x2,dynamic,14,1505,C1,5,19.0,18
ppo,2x2,dynamic,14,1505,C2,2,7.0,8
ppo,2x2,dynamic,14,1510,B1,4,19.0,11
ppo,2x2,dynamic,14,1510,B2,1,1.0,2
ppo,2x2,dynamic,14,1510,C1,7,47.0,17
ppo,2x2,dynamic,14,1510,C2,3,21.0,10
ppo,2x2,dynamic,14,1515,B1,0,0.0,8
ppo,2x2,dynamic,14,1515,B2,0,0.0,2
ppo,2x2,dynamic,14,1515,C1,9,59.0,15
ppo,2x2,dynamic,14,1515,C2,1,9.0,9
ppo,2x2,dynamic,14,1520,B1,0,0.0,5
ppo,2x2,dynamic,14,1520,B2,0,0.0,3
ppo,2x2,dynamic,14,1520,C1,7,41.0,16
ppo,2x2,dynamic,14,1520,C2,2,5.0,10
ppo,2x2,dynamic,14,1525,B1,1,1.0,3
ppo,2x2,dynamic,14,1525,B2,0,0.0,4
ppo,2x2,dynamic,14,1525,C1,4,30.0,16
ppo,2x2,dynamic,14,1525,C2,5,26.0,9
ppo,2x2,dynamic,14,1530,B1,0,0.0,2
ppo,2x2,dynamic,14,1530,B2,0,0.0,4
ppo,2x2,dynamic,14,1530,C1,0,0.0,16
ppo,2x2,dynamic,14,1530,C2,1,8.0,7
ppo,2x2,dynamic,14,1535,B1,0,0.0,2
ppo,2x2,dynamic,14,1535,B2,1,2.0,5
ppo,2x2,dynamic,14,1535,C1,3,11.0,17
ppo,2x2,dynamic,14,1535,C2,0,0.0,5
ppo,2x2,dynamic,14,1540,B1,0,0.0,3
ppo,2x2,dynamic,14,1540,B2,1,7.0,8
ppo,2x2,dynamic,14,1540,C1,7,37.0,17
ppo,2x2,dynamic,14,1540,C2,2,4.0,5
ppo,2x2,dynamic,14,1545,B1,0,0.0,3
ppo,2x2,dynamic,14,1545,B2,0,0.0,9
ppo,2x2,dynamic,14,1545,C1,8,51.0,16
ppo,2x2,dynamic,14,1545,C2,0,0.0,4
ppo,2x2,dynamic,14,1550,B1,0,0.0,7
ppo,2x2,dynamic,14,1550,B2,0,0.0,9
ppo,2x2,dynamic,14,1550,C1,7,34.0,16
ppo,2x2,dynamic,14,1550,C2,0,0.0,4
ppo,2x2,dynamic,14,1555,B1,0,0.0,8
ppo,2x2,dynamic,14,1555,B2,3,10.0,8
ppo,2x2,dynamic,14,1555,C1,3,21.0,14
ppo,2x2,dynamic,14,1555,C2,1,4.0,5
ppo,2x2,dynamic,14,1560,B1,0,0.0,7
ppo,2x2,dynamic,14,1560,B2,1,7.0,6
ppo,2x2,dynamic,14,1560,C1,1,2.0,14
ppo,2x2,dynamic,14,1560,C2,0,0.0,7
ppo,2x2,dynamic,14,1565,B1,1,2.0,4
ppo,2x2,dynamic,14,1565,B2,2,6.0,5
ppo,2x2,dynamic,14,1565,C1,3,13.0,13
ppo,2x2,dynamic,14,1565,C2,0,0.0,10
ppo,2x2,dynamic,14,1570,B1,1,7.0,4
ppo,2x2,dynamic,14,1570,B2,4,21.0,8
ppo,2x2,dynamic,14,1570,C1,6,37.0,14
ppo,2x2,dynamic,14,1570,C2,2,6.0,9
ppo,2x2,dynamic,14,1575,B1,0,0.0,4
ppo,2x2,dynamic,14,1575,B2,2,15.0,8
ppo,2x2,dynamic,14,1575,C1,8,46.0,12
ppo,2x2,dynamic,14,1575,C2,1,2.0,7
ppo,2x2,dynamic,14,1580,B1,0,0.0,4
ppo,2x2,dynamic,14,1580,B2,1,2.0,7
ppo,2x2,dynamic,14,1580,C1,4,23.0,12
ppo,2x2,dynamic,14,1580,C2,1,2.0,8
ppo,2x2,dynamic,14,1585,B1,2,6.0,8
ppo,2x2,dynamic,14,1585,B2,1,7.0,7
ppo,2x2,dynamic,14,1585,C1,1,7.0,12
ppo,2x2,dynamic,14,1585,C2,1,7.0,6
ppo,2x2,dynamic,14,1590,B1,0,0.0,8
ppo,2x2,dynamic,14,1590,B2,2,6.0,6
ppo,2x2,dynamic,14,1590,C1,2,4.0,13
ppo,2x2,dynamic,14,1590,C2,1,1.0,6
ppo,2x2,dynamic,14,1595,B1,1,5.0,9
ppo,2x2,dynamic,14,1595,B2,1,7.0,8
ppo,2x2,dynamic,14,1595,C1,6,24.0,14
ppo,2x2,dynamic,14,1595,C2,2,8.0,8
ppo,2x2,dynamic,14,1600,B1,1,10.0,9
ppo,2x2,dynamic,14,1600,B2,2,17.0,8
ppo,2x2,dynamic,14,1600,C1,8,58.0,15
ppo,2x2,dynamic,14,1600,C2,3,23.0,10
ppo,2x2,dynamic,14,1605,B1,1,3.0,8
ppo,2x2,dynamic,14,1605,B2,1,1.0,8
ppo,2x2,dynamic,14,1605,C1,8,70.0,14
ppo,2x2,dynamic,14,1605,C2,3,15.0,9
ppo,2x2,dynamic,14,1610,B1,2,12.0,8
ppo,2x2,dynamic,14,1610,B2,3,11.0,7
ppo,2x2,dynamic,14,1610,C1,6,34.0,15
ppo,2x2,dynamic,14,1610,C2,1,2.0,7
ppo,2x2,dynamic,14,1615,B1,2,22.0,6
ppo,2x2,dynamic,14,1615,B2,5,31.0,7
ppo,2x2,dynamic,14,1615,C1,5,35.0,16
ppo,2x2,dynamic,14,1615,C2,1,7.0,5
ppo,2x2,dynamic,14,1620,B1,1,1.0,6
ppo,2x2,dynamic,14,1620,B2,1,9.0,6
ppo,2x2,dynamic,14,1620,C1,3,10.0,15
ppo,2x2,dynamic,14,1620,C2,1,3.0,4
ppo,2x2,dynamic,14,1625,B1,0,0.0,5
ppo,2x2,dynamic,14,1625,B2,0,0.0,3
ppo,2x2,dynamic,14,1625,C1,4,20.0,12
ppo,2x2,dynamic,14,1625,C2,2,13.0,6
ppo,2x2,dynamic,14,1630,B1,1,5.0,6
ppo,2x2,dynamic,14,1630,B2,0,0.0,6
ppo,2x2,dynamic,14,1630,C1,7,49.0,13
ppo,2x2,dynamic,14,1630,C2,3,28.0,8
ppo,2x2,dynamic,14,1635,B1,0,0.0,6
ppo,2x2,dynamic,14,1635,B2,0,0.0,5
ppo,2x2,dynamic,14,1635,C1,8,61.0,12
ppo,2x2,dynamic,14,1635,C2,0,0.0,7
ppo,2x2,dynamic,14,1640,B1,2,6.0,9
ppo,2x2,dynamic,14,1640,B2,1,4.0,6
ppo,2x2,dynamic,14,1640,C1,4,28.0,14
ppo,2x2,dynamic,14,1640,C2,1,2.0,7
ppo,2x2,dynamic,14,1645,B1,4,24.0,9
ppo,2x2,dynamic,14,1645,B2,3,17.0,7
ppo,2x2,dynamic,14,1645,C1,2,22.0,14
ppo,2x2,dynamic,14,1645,C2,3,13.0,6
ppo,2x2,dynamic,14,1650,B1,1,8.0,7
ppo,2x2,dynamic,14,1650,B2,2,7.0,6
ppo,2x2,dynamic,14,1650,C1,1,1.0,17
ppo,2x2,dynamic,14,1650,C2,0,0.0,3
ppo,2x2,dynamic,14,1655,B1,0,0.0,7
ppo,2x2,dynamic,14,1655,B2,1,7.0,7
ppo,2x2,dynamic,14,1655,C1,4,15.0,17
ppo,2x2,dynamic,14,1655,C2,0,0.0,3
ppo,2x2,dynamic,14,1660,B1,2,7.0,6
ppo,2x2,dynamic,14,1660,B2,3,21.0,7
ppo,2x2,dynamic,14,1660,C1,7,46.0,19
ppo,2x2,dynamic,14,1660,C2,0,0.0,5
ppo,2x2,dynamic,14,1665,B1,0,0.0,5
ppo,2x2,dynamic,14,1665,B2,0,0.0,8
ppo,2x2,dynamic,14,1665,C1,8,65.0,19
ppo,2x2,dynamic,14,1665,C2,0,0.0,7
ppo,2x2,dynamic,14,1670,B1,2,7.0,5
ppo,2x2,dynamic,14,1670,B2,2,9.0,6
ppo,2x2,dynamic,14,1670,C1,8,49.0,19
ppo,2x2,dynamic,14,1670,C2,1,1.0,7
ppo,2x2,dynamic,14,1675,B1,2,17.0,6
ppo,2x2,dynamic,14,1675,B2,2,19.0,6
ppo,2x2,dynamic,14,1675,C1,7,48.0,18
ppo,2x2,dynamic,14,1675,C2,2,7.0,5
ppo,2x2,dynamic,14,1680,B1,1,1.0,6
ppo,2x2,dynamic,14,1680,B2,0,0.0,7
ppo,2x2,dynamic,14,1680,C1,2,4.0,16
ppo,2x2,dynamic,14,1680,C2,2,5.0,5
ppo,2x2,dynamic,14,1685,B1,1,6.0,10
ppo,2x2,dynamic,14,1685,B2,2,7.0,7
ppo,2x2,dynamic,14,1685,C1,4,14.0,13
ppo,2x2,dynamic,14,1685,C2,1,6.0,6
ppo,2x2,dynamic,14,1690,B1,3,18.0,12
ppo,2x2,dynamic,14,1690,B2,3,22.0,8
ppo,2x2,dynamic,14,1690,C1,7,42.0,15
ppo,2x2,dynamic,14,1690,C2,3,15.0,10
ppo,2x2,dynamic,14,1695,B1,0,0.0,9
ppo,2x2,dynamic,14,1695,B2,1,10.0,8
ppo,2x2,dynamic,14,1695,C1,8,57.0,14
ppo,2x2,dynamic,14,1695,C2,1,6.0,9
ppo,2x2,dynamic,14,1700,B1,1,2.0,9
ppo,2x2,dynamic,14,1700,B2,3,9.0,7
ppo,2x2,dynamic,14,1700,C1,4,27.0,13
ppo,2x2,dynamic,14,1700,C2,2,3.0,9
ppo,2x2,dynamic,14,1705,B1,4,20.0,9
ppo,2x2,dynamic,14,1705,B2,4,25.0,7
ppo,2x2,dynamic,14,1705,C1,0,0.0,15
ppo,2x2,dynamic,14,1705,C2,3,17.0,8
ppo,2x2,dynamic,14,1710,B1,0,0.0,7
ppo,2x2,dynamic,14,1710,B2,0,0.0,7
ppo,2x2,dynamic,14,1710,C1,2,3.0,15
ppo,2x2,dynamic,14,1710,C2,1,9.0,8
ppo,2x2,dynamic,14,1715,B1,1,2.0,5
ppo,2x2,dynamic,14,1715,B2,0,0.0,6
ppo,2x2,dynamic,14,1715,C1,4,18.0,19
ppo,2x2,dynamic,14,1715,C2,1,1.0,9
ppo,2x2,dynamic,14,1720,B1,2,5.0,5
ppo,2x2,dynamic,14,1720,B2,0,0.0,9
ppo,2x2,dynamic,14,1720,C1,6,43.0,19
ppo,2x2,dynamic,14,1720,C2,1,6.0,7
ppo,2x2,dynamic,14,1725,B1,1,2.0,4
ppo,2x2,dynamic,14,1725,B2,1,1.0,9
ppo,2x2,dynamic,14,1725,C1,9,55.0,18
ppo,2x2,dynamic,14,1725,C2,0,0.0,6
ppo,2x2,dynamic,14,1730,B1,3,13.0,7
ppo,2x2,dynamic,14,1730,B2,5,17.0,8
ppo,2x2,dynamic,14,1730,C1,8,43.0,19
ppo,2x2,dynamic,14,1730,C2,2,7.0,5
ppo,2x2,dynamic,14,1735,B1,3,28.0,9
ppo,2x2,dynamic,14,1735,B2,6,44.0,11
ppo,2x2,dynamic,14,1735,C1,8,45.0,18
ppo,2x2,dynamic,14,1735,C2,3,21.0,4
ppo,2x2,dynamic,14,1740,B1,1,12.0,9
ppo,2x2,dynamic,14,1740,B2,2,19.0,9
ppo,2x2,dynamic,14,1740,C1,1,3.0,17
ppo,2x2,dynamic,14,1740,C2,0,0.0,4
ppo,2x2,dynamic,14,1745,B1,1,3.0,10
ppo,2x2,dynamic,14,1745,B2,1,3.0,6
ppo,2x2,dynamic,14,1745,C1,4,17.0,18
ppo,2x2,dynamic,14,1745,C2,0,0.0,6
ppo,2x2,dynamic,14,1750,B1,3,13.0,12
ppo,2x2,dynamic,14,1750,B2,2,10.0,9
ppo,2x2,dynamic,14,1750,C1,7,48.0,15
ppo,2x2,dynamic,14,1750,C2,1,5.0,8
ppo,2x2,dynamic,14,1755,B1,1,2.0,12
ppo,2x2,dynamic,14,1755,B2,1,3.0,10
ppo,2x2,dynamic,14,1755,C1,8,61.0,16
ppo,2x2,dynamic,14,1755,C2,1,2.0,8
ppo,2x2,dynamic,14,1760,B1,4,19.0,12
ppo,2x2,dynamic,14,1760,B2,2,9.0,11
ppo,2x2,dynamic,14,1760,C1,6,36.0,16
ppo,2x2,dynamic,14,1760,C2,2,10.0,8
ppo,2x2,dynamic,14,1765,B1,7,49.0,10
ppo,2x2,dynamic,14,1765,B2,6,32.0,12
ppo,2x2,dynamic,14,1765,C1,2,8.0,15
ppo,2x2,dynamic,14,1765,C2,3,25.0,7
ppo,2x2,dynamic,14,1770,B1,4,31.0,9
ppo,2x2,dynamic,14,1770,B2,4,20.0,12
ppo,2x2,dynamic,14,1770,C1,0,0.0,13
ppo,2x2,dynamic,14,1770,C2,1,4.0,5
ppo,2x2,dynamic,14,1775,B1,1,3.0,6
ppo,2x2,dynamic,14,1775,B2,2,6.0,13
ppo,2x2,dynamic,14,1775,C1,3,7.0,14
ppo,2x2,dynamic,14,1775,C2,0,0.0,6
ppo,2x2,dynamic,14,1780,B1,1,8.0,4
ppo,2x2,dynamic,14,1780,B2,6,29.0,13
ppo,2x2,dynamic,14,1780,C1,6,30.0,15
ppo,2x2,dynamic,14,1780,C2,0,0.0,5
ppo,2x2,dynamic,14,1785,B1,1,2.0,5
ppo,2x2,dynamic,14,1785,B2,1,6.0,12
ppo,2x2,dynamic,14,1785,C1,7,43.0,15
ppo,2x2,dynamic,14,1785,C2,0,0.0,8
ppo,2x2,dynamic,14,1790,B1,2,12.0,4
ppo,2x2,dynamic,14,1790,B2,4,10.0,9
ppo,2x2,dynamic,14,1790,C1,8,27.0,15
ppo,2x2,dynamic,14,1790,C2,0,0.0,7
ppo,2x2,dynamic,14,1795,B1,2,22.0,6
ppo,2x2,dynamic,14,1795,B2,7,41.0,8
ppo,2x2,dynamic,14,1795,C1,4,22.0,15
ppo,2x2,dynamic,14,1795,C2,0,0.0,9
ppo,2x2,dynamic,14,1800,B1,1,1.0,7
ppo,2x2,dynamic,14,1800,B2,4,36.0,7
ppo,2x2,dynamic,14,1800,C1,2,2.0,13
ppo,2x2,dynamic,14,1800,C2,1,2.0,7
